# données de chômage aux EU, série unemp  
  3.7500000e+002
  3.8400000e+002
  3.8300000e+002
  3.2600000e+002
  3.4400000e+002
  3.7500000e+002
  4.1900000e+002
  4.2400000e+002
  4.2900000e+002
  3.9900000e+002
  3.7600000e+002
  2.8800000e+002
  3.6000000e+002
  3.7600000e+002
  3.6000000e+002
  3.8100000e+002
  3.5400000e+002
  3.0100000e+002
  3.3300000e+002
  3.3900000e+002
  3.1600000e+002
  3.5200000e+002
  3.7800000e+002
  3.6000000e+002
  3.8800000e+002
  3.9800000e+002
  3.7700000e+002
  3.8300000e+002
  4.4900000e+002
  4.1500000e+002
  4.2900000e+002
  3.6900000e+002
  4.1400000e+002
  4.6200000e+002
  4.4700000e+002
  4.0300000e+002
  4.0900000e+002
  3.9000000e+002
  3.8000000e+002
  4.3800000e+002
  4.3100000e+002
  4.2600000e+002
  3.4800000e+002
  3.9400000e+002
  3.9600000e+002
  4.5100000e+002
  3.8400000e+002
  4.9100000e+002
  4.6600000e+002
  4.5400000e+002
  4.4200000e+002
  4.7500000e+002
  4.0100000e+002
  4.0600000e+002
  3.8500000e+002
  3.8000000e+002
  4.2200000e+002
  3.9700000e+002
  4.3000000e+002
  4.3300000e+002
  4.2100000e+002
  3.7400000e+002
  4.0100000e+002
  4.5100000e+002
  4.6500000e+002
  4.5600000e+002
  4.6900000e+002
  4.6600000e+002
  4.1200000e+002
  4.2700000e+002
  4.1400000e+002
  3.8400000e+002
  3.2800000e+002
  3.9500000e+002
  3.8100000e+002
  3.6000000e+002
  3.8300000e+002
  3.8300000e+002
  4.0300000e+002
  4.2500000e+002
  4.2200000e+002
  4.1400000e+002
  3.8200000e+002
  3.9000000e+002
  3.2000000e+002
  4.1200000e+002
  4.3700000e+002
  4.2100000e+002
  4.5000000e+002
  4.4200000e+002
  4.5000000e+002
  4.1200000e+002
  4.2200000e+002
  3.7200000e+002
  3.7500000e+002
  3.9200000e+002
  3.5600000e+002
  3.9200000e+002
  4.2600000e+002
  4.4200000e+002
  4.2600000e+002
  4.0600000e+002
  3.9200000e+002
  4.2600000e+002
  4.4500000e+002
  4.6400000e+002
  3.7900000e+002
  4.0900000e+002
  4.9700000e+002
  4.5900000e+002
  5.1300000e+002
  5.4900000e+002
  4.4700000e+002
  4.4500000e+002
  4.3200000e+002
  5.1400000e+002
  5.6500000e+002
  5.5700000e+002
  6.0100000e+002
  5.8200000e+002
  5.8700000e+002
  5.6000000e+002
  5.9000000e+002
  5.5600000e+002
  5.8200000e+002
  5.2700000e+002
  5.8500000e+002
  5.5600000e+002
  5.7400000e+002
  5.5600000e+002
  5.8200000e+002
  5.8300000e+002
  6.4400000e+002
  6.2000000e+002
  6.1800000e+002
  6.2300000e+002
  5.4600000e+002
  5.6800000e+002
  5.9500000e+002
  6.0500000e+002
  5.9800000e+002
  5.9200000e+002
  5.5800000e+002
  5.9500000e+002
  5.4900000e+002
  6.3700000e+002
  5.6800000e+002
  6.0500000e+002
  5.9400000e+002
  5.6700000e+002
  5.4500000e+002
  5.4500000e+002
  5.9200000e+002
  5.7600000e+002
  5.9300000e+002
  6.0300000e+002
  6.3100000e+002
  6.1400000e+002
  6.1700000e+002
  5.4600000e+002
  6.3200000e+002
  6.7300000e+002
  7.3200000e+002
  5.9300000e+002
  6.9300000e+002
  7.3000000e+002
  7.3100000e+002
  7.3300000e+002
  8.0200000e+002
  7.5500000e+002
  8.0500000e+002
  7.5100000e+002
  8.5500000e+002
  7.6900000e+002
  8.0000000e+002
  8.2500000e+002
  7.9900000e+002
  8.0200000e+002
  7.6500000e+002
  8.2700000e+002
  7.6000000e+002
  7.8100000e+002
  7.6900000e+002
  7.6600000e+002
  7.5200000e+002
  7.5100000e+002
  7.6100000e+002
  8.7300000e+002
  7.5000000e+002
  7.5800000e+002
  7.7200000e+002
  7.9100000e+002
  8.1300000e+002
  7.8100000e+002
  7.9700000e+002
  8.0200000e+002
  7.8200000e+002
  8.3800000e+002
  7.5600000e+002
  7.6400000e+002
  7.9600000e+002
  7.8100000e+002
  7.8000000e+002
  6.7900000e+002
  7.4800000e+002
  7.5900000e+002
  7.4900000e+002
  7.5600000e+002
  8.0200000e+002
  7.5400000e+002
  7.9200000e+002
  7.7200000e+002
  7.6900000e+002
  7.3100000e+002
  7.4600000e+002
  7.4100000e+002
  7.1200000e+002
  7.2300000e+002
  6.9800000e+002
  7.4600000e+002
  7.5400000e+002
  7.3500000e+002
  7.2200000e+002
  7.3700000e+002
  7.2800000e+002
  7.7300000e+002
  7.2300000e+002
  7.4100000e+002
  7.3800000e+002
  7.6500000e+002
  7.4800000e+002
  7.0700000e+002
  8.0800000e+002
  7.4600000e+002
  7.7300000e+002
  7.5100000e+002
  7.2100000e+002
  7.3100000e+002
  7.3500000e+002
  7.0100000e+002
  7.6200000e+002
  7.8300000e+002
  7.9600000e+002
  8.0300000e+002
  8.0600000e+002
  7.6500000e+002
  7.8100000e+002
  7.6800000e+002
  8.1200000e+002
  8.5400000e+002
  8.5800000e+002
  8.1800000e+002
  8.5600000e+002
  8.9700000e+002
  8.1700000e+002
  8.7200000e+002
  8.9500000e+002
  8.2500000e+002
  9.2200000e+002
  9.1500000e+002
  9.0200000e+002
  9.0800000e+002
  9.1100000e+002
  9.1900000e+002
  8.6100000e+002
  8.2700000e+002
  8.5500000e+002
  8.6700000e+002
  8.3600000e+002
  9.1600000e+002
  8.2800000e+002
  8.3500000e+002
  7.9200000e+002
  7.7100000e+002
  7.5700000e+002
  7.5600000e+002
  7.1200000e+002
  7.3300000e+002
  7.4600000e+002
  7.2800000e+002
  7.0700000e+002
  6.6600000e+002
  6.3600000e+002
  6.7600000e+002
  6.9600000e+002
  6.5400000e+002
  6.1300000e+002
  6.7700000e+002
  7.0500000e+002
  6.8000000e+002
  6.9900000e+002
  6.5000000e+002
  6.8700000e+002
  6.3800000e+002
  6.7000000e+002
  5.5500000e+002
  6.3100000e+002
  6.7600000e+002
  6.5900000e+002
  6.8900000e+002
