"V1"
21353
21353
21353
21353
21353
21353
21353
21353
21353
21353
21353
21353
21353
21353
21353
21353
21353
21353
21353
21353
21353
21353
21353
21353
21353
21353
21353
21353
21353
21353
21353
21353
21353
21353
21353
21353
21353
21353
21353
21353
21353
21353
21353
21353
21353
21353
21353
21353
21353
21353
21353
21353
21353
21353
21353
21353
21353
21353
21353
21353
21353
21353
21353
21353
21353
21353
21353
21353
21353
21353
21353
21353
21353
21353
21353
21353
21353
21353
21353
21353
21353
21353
21353
21353
21353
21353
21353
21353
21353
21353
21353
21353
21353
21353
21353
21353
21353
21353
21353
21353
