"V1"
29956
18891
16513
15176
14121
21137
19506
23676
27121
21873
21119
15345
16657
21137
31345
15198
20644
18771
18549
23101
13803
22770
19602
16731
29012
15641
24498
29442
19121
19646
30294
18332
14592
20291
19235
24193
16739
18077
16030
19363
36787
25934
30090
16900
35848
18294
22061
19266
20644
26427
32194
28096
26768
19649
32422
13605
23017
16412
21746
14797
15081
21473
31157
23751
30150
21881
17058
14714
23031
14475
14274
42364
31694
13808
24363
28300
13514
17867
13761
16694
16337
15069
19361
27716
23139
16530
19751
16657
18332
25229
17060
24521
26427
31157
13730
16307
23903
18109
19731
23504
